1 0.40436993 0.61804581 0.09000000 0.09000000
2 0.43960880 0.53024885 0.09000000 0.09000000
0 0.52740577 0.56548771 0.09000000 0.09000000
0 0.49216690 0.65328468 0.09000000 0.09000000
1 0.20163517 0.72578443 0.09000000 0.09000000
2 0.10974023 0.74826565 0.09000000 0.09000000
0 0.08725901 0.65637071 0.09000000 0.09000000
2 0.17915396 0.63388950 0.09000000 0.09000000
1 0.15253222 0.24628057 0.09000000 0.09000000
0 0.19987849 0.32818550 0.09000000 0.09000000
0 0.11797357 0.37553177 0.09000000 0.09000000
0 0.07062730 0.29362685 0.09000000 0.09000000
1 0.71934761 0.31280058 0.09000000 0.09000000
0 0.80780230 0.34635430 0.09000000 0.09000000
0 0.77424857 0.43480900 0.09000000 0.09000000
2 0.68579388 0.40125527 0.09000000 0.09000000
