1 0.71499163 0.67215325 0.09000000 0.09000000
0 0.63303200 0.62490169 0.09000000 0.09000000
0 0.68028353 0.54294206 0.09000000 0.09000000
2 0.76224316 0.59019362 0.09000000 0.09000000
1 0.37801930 0.22110988 0.09000000 0.09000000
0 0.46745724 0.25194725 0.09000000 0.09000000
2 0.43661987 0.34138518 0.09000000 0.09000000
2 0.34718194 0.31054781 0.09000000 0.09000000
1 0.16486041 0.59884627 0.09000000 0.09000000
2 0.10961421 0.52204821 0.09000000 0.09000000
2 0.18641227 0.46680201 0.09000000 0.09000000
2 0.24165847 0.54360007 0.09000000 0.09000000
1 0.45932464 0.87367093 0.09000000 0.09000000
2 0.36475782 0.87635447 0.09000000 0.09000000
2 0.36207429 0.78178764 0.09000000 0.09000000
0 0.45664111 0.77910411 0.09000000 0.09000000
