1 0.78191643 0.85096395 0.09000000 0.09000000
0 0.68737050 0.85430392 0.09000000 0.09000000
0 0.68403053 0.75975799 0.09000000 0.09000000
2 0.77857646 0.75641802 0.09000000 0.09000000
1 0.43333992 0.29098917 0.09000000 0.09000000
2 0.43222231 0.38558747 0.09000000 0.09000000
0 0.33762403 0.38446986 0.09000000 0.09000000
0 0.33874164 0.28987157 0.09000000 0.09000000
1 0.90151549 0.37124420 0.09000000 0.09000000
0 0.80691628 0.37020558 0.09000000 0.09000000
2 0.80795489 0.27560639 0.09000000 0.09000000
0 0.90255409 0.27664500 0.09000000 0.09000000
1 0.33440059 0.73226988 0.09000000 0.09000000
2 0.40483656 0.79542730 0.09000000 0.09000000
2 0.34167914 0.86586328 0.09000000 0.09000000
2 0.27124317 0.80270586 0.09000000 0.09000000
