1 0.14660160 0.38387910 0.09000000 0.09000000
2 0.19939929 0.46238063 0.09000000 0.09000000
2 0.12089777 0.51517832 0.09000000 0.09000000
0 0.06810007 0.43667679 0.09000000 0.09000000
1 0.65492923 0.79336007 0.09000000 0.09000000
0 0.74785784 0.77562987 0.09000000 0.09000000
2 0.76558805 0.86855846 0.09000000 0.09000000
2 0.67265943 0.88628867 0.09000000 0.09000000
1 0.38940021 0.63935418 0.09000000 0.09000000
0 0.42867830 0.55328840 0.09000000 0.09000000
0 0.51474408 0.59256649 0.09000000 0.09000000
2 0.47546599 0.67863227 0.09000000 0.09000000
1 0.54087304 0.33997918 0.09000000 0.09000000
2 0.46729908 0.28050684 0.09000000 0.09000000
2 0.52677143 0.20693289 0.09000000 0.09000000
2 0.60034539 0.26640522 0.09000000 0.09000000
