1 0.40481390 0.36781514 0.09000000 0.09000000
0 0.32596392 0.31553928 0.09000000 0.09000000
2 0.37823979 0.23668930 0.09000000 0.09000000
2 0.45708978 0.28896517 0.09000000 0.09000000
1 0.43353484 0.77163096 0.09000000 0.09000000
2 0.52813875 0.77119749 0.09000000 0.09000000
2 0.52857219 0.86580139 0.09000000 0.09000000
0 0.43396829 0.86623485 0.09000000 0.09000000
1 0.81913174 0.65310866 0.09000000 0.09000000
2 0.87308618 0.73081968 0.09000000 0.09000000
0 0.79537513 0.78477412 0.09000000 0.09000000
0 0.74142068 0.70706309 0.09000000 0.09000000
1 0.08803791 0.62631842 0.09000000 0.09000000
2 0.18165985 0.61271629 0.09000000 0.09000000
0 0.19526198 0.70633824 0.09000000 0.09000000
2 0.10164003 0.71994036 0.09000000 0.09000000
