1 0.53307998 0.62971129 0.09000000 0.09000000
0 0.51930732 0.53611429 0.09000000 0.09000000
2 0.61290431 0.52234163 0.09000000 0.09000000
0 0.62667698 0.61593863 0.09000000 0.09000000
1 0.33285778 0.30945430 0.09000000 0.09000000
0 0.24122902 0.33299692 0.09000000 0.09000000
0 0.21768640 0.24136815 0.09000000 0.09000000
0 0.30931516 0.21782553 0.09000000 0.09000000
1 0.28907061 0.72845345 0.09000000 0.09000000
2 0.28672464 0.82302927 0.09000000 0.09000000
2 0.19214882 0.82068331 0.09000000 0.09000000
2 0.19449480 0.72610750 0.09000000 0.09000000
1 0.79172540 0.83052373 0.09000000 0.09000000
0 0.83579416 0.74680976 0.09000000 0.09000000
2 0.91950814 0.79087849 0.09000000 0.09000000
2 0.87543940 0.87459247 0.09000000 0.09000000
